.Random.seed <-
c(403L, 10L, -28189183L, 371105136L, -994607858L, 1304706937L, 
462307083L, -559857606L, -1140535492L, 1250995327L, 2070626261L, 
1115386348L, -1921268926L, 1332432029L, 2059973911L, 446827646L, 
-744512456L, -515636453L, 1135896697L, -596152120L, 1703434486L, 
1457809713L, -1508023965L, 1843622706L, 2062285956L, 743065799L, 
-30379107L, 1060992788L, -38130246L, 1761414149L, -265969185L, 
-1651743642L, -1389747216L, -2122097389L, -168279375L, 2144103776L, 
-323640578L, -2113266039L, -1441609285L, 1865315210L, 1437309548L, 
144102383L, -493839323L, -1689107236L, 385276594L, 74153389L, 
1675739495L, -981836146L, 526174056L, -1256554645L, -1658689271L, 
2025717656L, -889518394L, -765897695L, 1517125811L, -2007115230L, 
1734433812L, 1432637591L, -288939379L, 2102948772L, 752422282L, 
107887093L, -715402161L, 1145377622L, -1989342720L, 2098357059L, 
967729889L, 2000072784L, 1805979822L, -1265466279L, -1827572629L, 
1781086682L, -657128804L, 1778637983L, 519655157L, -1011190900L, 
-1017576862L, 999061053L, -1326966601L, -1681578146L, 1950575256L, 
-757204485L, 675357593L, 175635496L, -802231082L, 1740249425L, 
-1527547901L, 1359421330L, -1893364444L, -491437081L, -2095785923L, 
-1226258764L, -1063858918L, 576101989L, 1224192767L, 1769056134L, 
1131125008L, 871721395L, -262786479L, 637755904L, -926089506L, 
-1957841623L, 1118353627L, -1264779286L, 86613900L, -814509873L, 
1757712517L, -604458180L, 1837976082L, 971276557L, 1522682439L, 
-1713319890L, 1637000584L, -1457177461L, 1227282025L, -795080136L, 
-190293274L, 1471526529L, -307078637L, 303439298L, -1309059468L, 
1723983991L, 612567405L, 1302916612L, 457252138L, -1154893163L, 
259871023L, 1439704118L, -1540489120L, 39970467L, -1748164159L, 
1390615984L, -560409394L, 1136476729L, -1757293493L, -177326598L, 
1484599548L, -235150017L, -539125227L, 361918764L, 92004866L, 
-1183010595L, -244137001L, -1742831938L, -960886536L, -1886701861L, 
-1148908231L, -357295992L, -2098945994L, 1024889969L, -1665802589L, 
-282422286L, 2134107972L, -177461241L, -24525347L, -57326892L, 
1287851514L, 1912119621L, -1914788449L, -864430298L, -1280591952L, 
-1619504045L, -119419023L, -980449632L, -1573049794L, -1891466935L, 
-2049359877L, 1366385610L, -106595028L, -2037575377L, -1163903003L, 
-35479908L, -1905431822L, 13634413L, -1798015833L, 482930382L, 
-270924760L, 318036011L, 981244489L, -1892273320L, -796738042L, 
1433405409L, -788834957L, -296862238L, 1150087508L, -223444905L, 
-381367219L, -1555775516L, 1793920458L, 1244943413L, -453791089L, 
1610705814L, 1080325952L, -475964925L, 2132475937L, -1849136368L, 
155551982L, 1746708633L, 1656085803L, -755461094L, 1944192732L, 
-1460212001L, -770144075L, 468172364L, 1265509026L, -1434637827L, 
-282172681L, -104758242L, 302223064L, -2045169093L, -32763943L, 
1388991848L, -418732906L, 1111220753L, -665216061L, 675203026L, 
1570075236L, 672272807L, 1227910909L, -1583375628L, 2086481370L, 
2047729957L, 1404598335L, -1013057594L, 738741328L, 1612914803L, 
1867101329L, 629605568L, -1467267426L, -1385979038L, -1573305624L, 
-2107817780L, -1196113412L, 1562765810L, 802634368L, -1808763404L, 
-907696504L, 1747033914L, -2035432624L, -1104038804L, -943769196L, 
862217298L, -1797019168L, -1555792692L, 1531554976L, 1856165250L, 
94970088L, 334954220L, -132608708L, -1378583438L, -142811024L, 
178255908L, -1065276360L, -1383631078L, -1083851568L, -344697028L, 
-1948035180L, -1447146622L, 1402646976L, -1629630916L, 2061706640L, 
-1651907038L, -1439982328L, -299759988L, 1882773276L, -1521180526L, 
-1044084352L, 1567874580L, -2067886296L, -1579003334L, 1742689744L, 
570100076L, -1060035660L, 785254418L, 1501998560L, 1894219724L, 
373678304L, -911288286L, -345947864L, -1274954228L, 1772347196L, 
514374642L, 1080470256L, 6268484L, -1776786856L, -1255121094L, 
-1877461520L, 631705276L, -1674651372L, -933086526L, -633107360L, 
-942034052L, -1987770416L, 1119813922L, -50410840L, 1936225164L, 
3745980L, -1554618574L, -1424061888L, -131029836L, -730498488L, 
65527226L, 1761032720L, -1951560980L, -1110816428L, -1375485678L, 
339885472L, 1922243276L, 1898413664L, 1346904002L, -1062224088L, 
-1094987860L, -49925316L, -1696724622L, -1030210768L, -1924381404L, 
778099512L, -432711974L, 283664272L, -1926222084L, -146603116L, 
1394653250L, -1325062912L, 1916257340L, -1105198768L, -510949214L, 
-217327288L, -520386804L, 757805788L, 428961106L, 2133113984L, 
1658929236L, 2036996072L, 542990586L, 1711999824L, 1218961196L, 
-519595660L, 858737554L, 1566517344L, 43296140L, 704625504L, 
410946018L, 163392424L, -95306548L, -1706395652L, -1589647950L, 
-1262481936L, -442942524L, -1682924200L, 1308766586L, -2050339920L, 
825491900L, 1827702868L, 1275228098L, -1898121184L, -403384132L, 
-1753775536L, -1905292318L, -1922968L, -1155974068L, -1864222468L, 
-789873678L, 305305856L, 1385218420L, 799343624L, -873627718L, 
-2145775152L, 413146092L, 1857173908L, -1370652206L, 2131874144L, 
-504205492L, 527477024L, -1144842366L, 1367690984L, -47079188L, 
-882318276L, -1765278862L, 956745328L, 1522338852L, 748864312L, 
-202654566L, 1423395536L, 1909956796L, -1957601644L, -975163774L, 
120830144L, -1749574852L, 1127099536L, -1647444446L, 1756397576L, 
-1184529140L, 1079108764L, -151216622L, -935481472L, -731535852L, 
374129192L, -829469382L, 1096376784L, -1789272980L, -1262290636L, 
-1589973358L, -1378127008L, -2091277492L, -139626528L, 820180898L, 
744716200L, -1504653940L, -980012868L, -929173134L, 1405152496L, 
820883524L, 1217976664L, -61497798L, 1758075760L, 308058172L, 
-1812695276L, -2133631550L, -254127392L, 1718103932L, 1244683984L, 
308105378L, 724091944L, 589448460L, -110997572L, 1132687666L, 
1080963520L, 1515166260L, 2081960904L, -788983622L, -645822064L, 
1343154668L, 290871892L, -1003919214L, 977684256L, 329265612L, 
16352736L, -1574873406L, -46965720L, -661349716L, -1574333252L, 
-2068930062L, -1960222416L, 685120676L, -213528904L, 669625690L, 
1852771728L, 1512766332L, -645529324L, 1149899586L, 348596992L, 
2141132732L, -2099247280L, 1073001250L, -1258687160L, -1580203508L, 
289947991L, -112161631L, 975770982L, -1231751324L, -318490987L, 
793014207L, 196522840L, -1150709386L, -533228669L, -952544827L, 
1187444450L, -332687536L, -1948306823L, -1839368789L, 236845852L, 
548260938L, -1742923713L, 17221769L, -1829417826L, -356910772L, 
1719607581L, -1719980889L, -571753520L, -1525529746L, 931283483L, 
-1743043715L, 1629970794L, -1488297976L, 575047857L, 1204217635L, 
1391158308L, 2117875410L, 1231000359L, -1688169103L, 1742101430L, 
280788820L, 324172261L, -1839979537L, -376147160L, -1906543738L, 
61722547L, 1702651669L, -503639694L, -1517070912L, -613022167L, 
462969499L, -1791515796L, 1964325754L, 774292655L, -1451364423L, 
963586510L, 88378652L, -1054316403L, 193053943L, -274243584L, 
-47709602L, 1184619819L, -1324704211L, -1507498342L, -1157418408L, 
1903087041L, -122441101L, 1967828884L, -166052318L, -640483017L, 
-2070376447L, -1654985466L, 1551882564L, 189762677L, -1556406817L, 
1733585208L, -253467882L, -1523156189L, 1439289573L, 987802882L, 
-1571594384L, 1590820633L, 2019268363L, -1552354308L, 1923665962L, 
-579666849L, -1922681879L, 1962933502L, -410569492L, 1298032701L, 
-446915577L, 1751795696L, 739931022L, 549302715L, 85012381L, 
658832714L, -665684632L, -2127881391L, -62810045L, -1311407804L, 
-1939359246L, 418524103L, -1085530735L, 1185124630L, 536355188L, 
-29911035L, 1874501711L, -1995742136L, 1822988774L, -448420077L, 
1618522229L, -1744973230L, -528280416L, -1442140791L, 1428544955L, 
-447616500L, 699622298L, -50443505L, 805284185L, 1703091182L, 
-1114578308L, 555115245L, -1305774697L, 1149382240L, -684796866L, 
-1159039733L, -1678440563L, -1812949830L, 1255101176L, -1394472799L, 
-990303149L, 511418228L, -1124922110L, 1960367511L, -1315311775L, 
5102502L, -1686686300L, 1820519509L, 1467261183L, -1883957864L, 
1694916278L, 969711427L, -111693179L, -1234913502L, 155378704L, 
1675634617L, 1042221163L, 168723292L, 205845130L, 133475967L, 
